A	B	C	D
-0.015578736809521	0.00730662464910936	-0.00339416015655281	0.00668194811990253
0.00270876032626943	0.0096721633992829	-0.00776800025247382	-0.0100605910736162
0.00447514993205633	0.00723498817285573	-0.020818144835938	0.00726570912291824
0.0166438825442237	-0.00204663031584129	0.00677217302493194	-0.00648498993326396
-0.0012944589546624	0.00642252162503731	-0.0173291103266395	0.0122811603836959
-0.00251211574466725	0.00426929588564606	0.0102812233552221	0.00304953990551171
-0.00975158195443493	-0.00824331855143257	0.0103003634136134	-0.00352220077904497
0.0111438972227631	-0.0145682813886656	0.0109628022159589	0.0053972204387378
-0.00798063265572124	-0.00860606706170675	0.00941508908671573	-0.0127701426407851
